Year	maize	Wheat 	Rice	Ceral NEC	Oil	Sugar	forage yield	fiber_yield	other_yield	Potential_VFN_yield	maize pred yld	wheat pred yld	rice pred yld	nec pred yld	oil pred yld	sugar pred yld	froage pred yld	fiber pred yld	other pre yld	VFN pred yld
1961	1.38E-03	1.03E-03	1.86E-03	9.74E-04	1.23E-03	3.75E-02	1.19E-02	7.63E-04	7.28E-04	5.38E-03							0.014891333			
1962	1.40E-03	1.16E-03	1.88E-03	1.05E-03	1.21E-03	3.58E-02	1.10E-02	8.03E-04	7.15E-04	5.28E-03	0.001432905	0.001071975		0.000974		0.038108039	0.01207312	0.000790101	0.000743859	0.005465353
1963	1.40E-03	1.08E-03	2.04E-03	1.03E-03	1.26E-03	3.53E-02	1.06E-02	8.62E-04	6.85E-04	5.28E-03	0.001471713	0.001150669	0.0019	0.001020332	0.001191252	0.036655522	0.011225207	0.000827327	0.000740651	0.005426109
1964	1.48E-03	1.19E-03	2.09E-03	1.08E-03	1.21E-03	3.85E-02	1.07E-02	8.77E-04	7.51E-04	5.41E-03	0.001502039	0.001191221	0.002110544	0.00103236	0.001274084	0.036261872	0.010848356	0.000880335	0.000721111	0.005419011
1965	1.45E-03	1.16E-03	2.02E-03	1.06E-03	1.21E-03	3.92E-02	1.05E-02	9.39E-04	7.79E-04	5.61E-03	0.00153964	0.001199671	0.002179024	0.001067991	0.001209588	0.039103627	0.010942569	0.000903032	0.000748997	0.005498711
1966	1.59E-03	1.37E-03	2.06E-03	1.14E-03	1.28E-03	3.99E-02	1.25E-02	9.89E-04	7.91E-04	5.88E-03	0.001574182	0.001248399	0.002115491	0.001078174	0.001214846	0.039791724	0.010754143	0.00095721	0.000786318	0.005653799
1967	1.70E-03	1.29E-03	2.16E-03	1.18E-03	1.31E-03	4.11E-02	1.29E-02	9.53E-04	8.23E-04	6.05E-03	0.001614351	0.00131193	0.002115739	0.00112396	0.001275612	0.040480128	0.012638396	0.001006543	0.000811097	0.005880868
1968	1.60E-03	1.40E-03	2.21E-03	1.23E-03	1.31E-03	4.25E-02	1.30E-02	9.74E-04	8.30E-04	6.27E-03	0.001688924	0.001391343	0.002188456	0.00117089	0.001304301	0.041596449	0.013015246	0.000990971	0.000830965	0.00607218
1969	1.69E-03	1.36E-03	2.24E-03	1.22E-03	1.30E-03	4.18E-02	1.34E-02	9.58E-04	8.43E-04	6.25E-03	0.001739921	0.001400524	0.002249728	0.001221629	0.001318255	0.042885565	0.013109459	0.001007509	0.000849603	0.006281464
1970	1.78E-03	1.44E-03	2.37E-03	1.27E-03	1.33E-03	4.36E-02	1.37E-02	9.83E-04	8.60E-04	6.40E-03	0.001764832	0.001447687	0.002289906	0.001251047	0.001323978	0.042399585	0.013486309	0.000998403	0.000859936	0.006347106
1971	1.85E-03	1.56E-03	2.35E-03	1.36E-03	1.37E-03	4.24E-02	1.39E-02	1.01E-03	8.72E-04	6.30E-03	0.001815644	0.001464855	0.002397687	0.001287204	0.001351603	0.044013249	0.013768947	0.00101665	0.00087564	0.006465596
1972	1.82E-03	1.55E-03	2.31E-03	1.29E-03	1.32E-03	4.17E-02	1.41E-02	1.01E-03	8.76E-04	6.19E-03	0.00187847	0.001547054	0.002419274	0.001341295	0.001382569	0.043112958	0.013957372	0.0010401	0.000888859	0.006447206
1973	1.90E-03	1.63E-03	2.44E-03	1.39E-03	1.38E-03	4.32E-02	1.61E-02	1.08E-03	8.74E-04	6.72E-03	0.001926283	0.00160849	0.002386873	0.001359914	0.001363517	0.04262036	0.014145798	0.001044997	0.000896329	0.006371424
1974	2.00E-03	1.59E-03	2.41E-03	1.43E-03	1.38E-03	4.31E-02	1.53E-02	1.13E-03	9.11E-04	6.46E-03	0.001962797	0.001639563	0.002462575	0.001399579	0.001408485	0.043957593	0.01603005	0.001100345	0.0008962	0.006675155
1975	2.05E-03	1.50E-03	2.50E-03	1.30E-03	1.48E-03	4.18E-02	1.45E-02	1.06E-03	8.55E-04	6.52E-03	0.002020182	0.001674632	0.002465334	0.001440464	0.001412876	0.04396922	0.015276349	0.001148511	0.000921402	0.006625717
1976	2.02E-03	1.76E-03	2.43E-03	1.49E-03	1.49E-03	4.39E-02	1.55E-02	1.04E-03	8.74E-04	6.59E-03	0.002085585	0.00164245	0.002527014	0.001434112	0.001476731	0.042981244	0.014522648	0.001106608	0.000890127	0.00664484
1977	2.14E-03	1.62E-03	2.56E-03	1.42E-03	1.52E-03	4.55E-02	1.75E-02	1.06E-03	8.85E-04	6.70E-03	0.002130568	0.001688905	0.002493265	0.001474275	0.001493238	0.044800676	0.015464774	0.001087318	0.000899859	0.006695837
1978	2.19E-03	1.91E-03	2.66E-03	1.58E-03	1.49E-03	4.59E-02	1.76E-02	1.05E-03	8.91E-04	6.95E-03	0.002172524	0.001772848	0.002570336	0.001486481	0.001530324	0.046216695	0.017349026	0.001097996	0.000891516	0.006783798
1979	2.30E-03	1.80E-03	2.64E-03	1.41E-03	1.48E-03	4.52E-02	1.68E-02	1.12E-03	9.09E-04	7.09E-03	0.002233017	0.001806499	0.002674613	0.001536511	0.001535822	0.046648805	0.017443239	0.001090995	0.000920868	0.006973274
1980	2.37E-03	1.80E-03	2.73E-03	1.45E-03	1.56E-03	4.46E-02	1.69E-02	1.16E-03	9.12E-04	6.79E-03	0.002300057	0.001912802	0.00269712	0.001530061	0.001551455	0.046174284	0.016689538	0.00114307	0.000914772	0.007131755
1981	2.46E-03	1.81E-03	2.80E-03	1.42E-03	1.59E-03	4.66E-02	1.70E-02	1.22E-03	9.47E-04	6.90E-03	0.002377038	0.001877851	0.002766084	0.001528412	0.001601536	0.045775741	0.016783751	0.00118216	0.00094064	0.007003004
1982	2.52E-03	1.94E-03	2.96E-03	1.55E-03	1.65E-03	4.91E-02	1.81E-02	1.24E-03	9.59E-04	7.04E-03	0.002454816	0.001892288	0.002840623	0.001513572	0.001624933	0.047506329	0.016877963	0.001236925	0.000949947	0.007023827
1983	2.48E-03	2.06E-03	3.12E-03	1.54E-03	1.62E-03	4.81E-02	1.80E-02	1.30E-03	9.85E-04	7.14E-03	0.002532096	0.001944367	0.002985302	0.001532428	0.001669908	0.049654936	0.017914302	0.00126419	0.000980661	0.007119312
1984	2.59E-03	2.17E-03	3.21E-03	1.60E-03	1.71E-03	4.96E-02	1.85E-02	1.49E-03	1.00E-03	7.32E-03	0.002584636	0.002045501	0.003159043	0.001545313	0.001676091	0.048948511	0.01782009	0.001317847	0.000993754	0.007217626
1985	2.60E-03	2.13E-03	3.24E-03	1.59E-03	1.75E-03	4.89E-02	1.82E-02	1.43E-03	1.03E-03	7.07E-03	0.002627165	0.00214025	0.003288495	0.001571619	0.001739209	0.050278024	0.018291153	0.001473624	0.001018841	0.007367115
1986	2.59E-03	2.32E-03	3.22E-03	1.58E-03	1.78E-03	4.92E-02	1.78E-02	1.37E-03	1.00E-03	7.19E-03	0.002678666	0.002189756	0.003349484	0.001590989	0.001772152	0.049815908	0.018008515	0.00145835	0.001039062	0.00726633
1987	2.57E-03	2.26E-03	3.25E-03	1.63E-03	1.86E-03	5.11E-02	1.77E-02	1.48E-03	1.04E-03	7.26E-03	0.002710085	0.00223835	0.003341625	0.001603111	0.00180932	0.050163486	0.017631664	0.001418667	0.001030433	0.007303864
1988	2.61E-03	2.29E-03	3.31E-03	1.57E-03	1.84E-03	5.09E-02	1.77E-02	1.48E-03	1.04E-03	7.17E-03	0.002723243	0.002316767	0.003343807	0.001624838	0.001868083	0.051813704	0.017537452	0.001496912	0.001053253	0.007361737
1989	2.70E-03	2.39E-03	3.43E-03	1.61E-03	1.89E-03	5.26E-02	1.71E-02	1.48E-03	1.04E-03	7.26E-03	0.00273393	0.002313193	0.003376768	0.001625343	0.001884828	0.051761126	0.017537452	0.001509006	0.001053247	0.00732697
1990	2.70E-03	2.55E-03	3.51E-03	1.73E-03	1.95E-03	5.25E-02	1.70E-02	1.56E-03	1.06E-03	7.32E-03	0.002765211	0.00236663	0.003471217	0.001633199	0.001937555	0.053250044	0.016972176	0.0015145	0.001069606	0.007370368
1991	2.87E-03	2.47E-03	3.51E-03	1.58E-03	1.95E-03	5.17E-02	1.62E-02	1.65E-03	1.09E-03	7.18E-03	0.002803769	0.002466345	0.003562388	0.001671005	0.001986326	0.053281791	0.016877963	0.001577708	0.001067747	0.007424166
1992	2.72E-03	2.53E-03	3.56E-03	1.61E-03	1.98E-03	5.21E-02	1.51E-02	1.46E-03	1.13E-03	7.46E-03	0.002857362	0.002527008	0.003589643	0.001662543	0.00201318	0.052742477	0.016124262	0.00165767	0.001107871	0.007356553
1993	2.97E-03	2.53E-03	3.60E-03	1.64E-03	2.07E-03	5.13E-02	1.58E-02	1.52E-03	1.15E-03	7.76E-03	0.002900088	0.002523428	0.003626628	0.001658907	0.002056567	0.053170754	0.015087924	0.001530614	0.001130979	0.007506714
1994	2.88E-03	2.44E-03	3.63E-03	1.57E-03	2.10E-03	5.21E-02	1.55E-02	1.56E-03	1.14E-03	7.57E-03	0.002937616	0.0025627	0.003661599	0.001661206	0.00211844	0.052626322	0.015747412	0.001558936	0.001169264	0.007750747
1995	3.00E-03	2.52E-03	3.64E-03	1.52E-03	2.15E-03	5.41E-02	1.38E-02	1.61E-03	1.14E-03	7.72E-03	0.002998916	0.002552122	0.003688903	0.001642202	0.002154788	0.053372419	0.015464774	0.001589367	0.001158452	0.007722865
1996	3.21E-03	2.60E-03	3.76E-03	1.67E-03	2.24E-03	5.47E-02	1.43E-02	1.54E-03	1.20E-03	8.05E-03	0.003037551	0.002548472	0.003698406	0.00160893	0.002206291	0.055091099	0.01386316	0.001632609	0.001168564	0.007806423
1997	3.15E-03	2.72E-03	3.79E-03	1.69E-03	2.30E-03	5.74E-02	1.49E-02	1.56E-03	1.22E-03	8.07E-03	0.003124631	0.002616569	0.003785097	0.001618931	0.002271024	0.055683796	0.014334223	0.00158847	0.001197004	0.008044374
1998	3.36E-03	2.67E-03	3.80E-03	1.67E-03	2.28E-03	5.86E-02	1.47E-02	1.53E-03	1.23E-03	8.06E-03	0.003212367	0.002695622	0.003837499	0.001635545	0.002323706	0.057973886	0.014899498	0.00159852	0.001235009	0.008145782
1999	3.38E-03	2.74E-03	3.87E-03	1.63E-03	2.35E-03	5.95E-02	1.52E-02	1.61E-03	1.28E-03	8.41E-03	0.003289576	0.002746533	0.003858263	0.001646419	0.002352875	0.059060751	0.014711073	0.001576054	0.001246705	0.008177394
2000	3.16E-03	2.71E-03	3.87E-03	1.64E-03	2.41E-03	5.86E-02	1.50E-02	1.65E-03	1.25E-03	8.76E-03	0.00338566	0.002757484	0.003911135	0.001645293	0.00242035	0.059907621	0.015182136	0.001632957	0.001287475	0.008408471
2001	3.41E-03	2.75E-03	3.91E-03	1.75E-03	2.56E-03	5.78E-02	1.53E-02	1.69E-03	1.28E-03	8.75E-03	0.003408601	0.002792325	0.003925376	0.001646192	0.00247451	0.059303395	0.014993711	0.001672109	0.001273442	0.008714052
2002	3.45E-03	2.72E-03	3.82E-03	1.71E-03	2.60E-03	5.99E-02	1.51E-02	1.74E-03	1.33E-03	8.74E-03	0.003418876	0.002803391	0.003953284	0.001676944	0.002563575	0.058774243	0.015276349	0.001711723	0.001303087	0.008821926
2003	3.35E-03	2.67E-03	3.91E-03	1.71E-03	2.68E-03	6.06E-02	1.49E-02	1.74E-03	1.33E-03	8.82E-03	0.00348699	0.002825221	0.003888995	0.001694432	0.002609654	0.06057711	0.015087924	0.001759137	0.001323088	0.008855954
2004	3.64E-03	2.92E-03	4.00E-03	1.84E-03	2.65E-03	6.15E-02	1.59E-02	1.94E-03	1.36E-03	9.09E-03	0.003518908	0.002812016	0.003923026	0.001708978	0.002683868	0.061257844	0.014899498	0.001770017	0.001358797	0.008918783
2005	3.68E-03	2.86E-03	4.06E-03	1.69E-03	2.75E-03	6.20E-02	1.58E-02	1.95E-03	1.35E-03	9.07E-03	0.003568029	0.002869286	0.004002816	0.001756295	0.002716422	0.06209995	0.015841625	0.001926742	0.001365574	0.009111401
2006	3.65E-03	2.87E-03	4.09E-03	1.69E-03	2.83E-03	6.34E-02	1.58E-02	2.01E-03	1.43E-03	9.06E-03	0.003668302	0.002971484	0.004078709	0.001756833	0.00280314	0.062621209	0.015747412	0.00196289	0.001377631	0.009170817
2007	3.69E-03	2.84E-03	4.18E-03	1.71E-03	2.90E-03	6.61E-02	1.59E-02	2.13E-03	1.44E-03	9.04E-03	0.003732093	0.002961857	0.004127909	0.001752875	0.002869241	0.063865975	0.015747412	0.002022714	0.00142638	0.009186745
2008	4.01E-03	3.07E-03	4.28E-03	1.87E-03	2.94E-03	6.84E-02	1.58E-02	2.09E-03	1.47E-03	9.35E-03	0.003771083	0.002970819	0.004209881	0.001751238	0.002936653	0.06615847	0.015841625	0.002128168	0.001450421	0.009180165
2009	3.80E-03	3.03E-03	4.18E-03	1.87E-03	2.82E-03	6.79E-02	1.68E-02	2.05E-03	1.48E-03	9.42E-03	0.003860499	0.003031082	0.004313189	0.001791581	0.002996366	0.068136138	0.015747412	0.002120135	0.001489522	0.009371917
2010	0.003946947	0.003130128	0.004271584	0.001827917	0.003004836	0.067869568	0.016689538	0.002094656	0.001488161	0.009487394	0.003946947	0.003130128	0.004271584	0.001827917	0.003004836	0.067869568	0.016689538	0.002094656	0.001488161	0.009487394
2011	0.003979246	0.003152694	0.004312215	0.001847121	0.00312681	0.067976058	0.016585469	0.002125499	0.001516189	0.009572747	0.003979246	0.003152694	0.004312215	0.001847121	0.00312681	0.067976058	0.016585469	0.002125499	0.001516189	0.009572747
2012	0.004036666	0.00321378	0.004352846	0.001866037	0.003196147	0.068190107	0.016487423	0.002153397	0.001519748	0.0096581	0.004036666	0.00321378	0.004352846	0.001866037	0.003196147	0.068190107	0.016487423	0.002153397	0.001519748	0.0096581
2013	0.004088582	0.003252466	0.004393477	0.001884668	0.003260684	0.068488648	0.016395051	0.002180668	0.001546243	0.009743454	0.004088582	0.003252466	0.004393477	0.001884668	0.003260684	0.068488648	0.016395051	0.002180668	0.001546243	0.009743454
2014	0.004141705	0.003301477	0.004434108	0.001903019	0.003331532	0.068853562	0.016308025	0.002207805	0.00155363	0.009828807	0.004141705	0.003301477	0.004434108	0.001903019	0.003331532	0.068853562	0.016308025	0.002207805	0.00155363	0.009828807
2015	0.004194563	0.003343823	0.004474739	0.001921093	0.003405684	0.069270614	0.016226036	0.002234913	0.001575892	0.00991416	0.004194563	0.003343823	0.004474739	0.001921093	0.003405684	0.069270614	0.016226036	0.002234913	0.001575892	0.00991416
2016	0.004247478	0.003388775	0.00451537	0.001938896	0.003480996	0.069728624	0.016148791	0.002262015	0.001587087	0.009999513	0.004247478	0.003388775	0.00451537	0.001938896	0.003480996	0.069728624	0.016148791	0.002262015	0.001587087	0.009999513
2017	0.004300381	0.003431631	0.004556001	0.001956431	0.003557285	0.070218808	0.016076017	0.002289116	0.001606247	0.010084867	0.004300381	0.003431631	0.004556001	0.001956431	0.003557285	0.070218808	0.016076017	0.002289116	0.001606247	0.010084867
2018	0.004353287	0.003475042	0.004596632	0.001973703	0.003634765	0.070734267	0.016007455	0.002316217	0.001619823	0.01017022	0.004353287	0.003475042	0.004596632	0.001973703	0.003634765	0.070734267	0.016007455	0.002316217	0.001619823	0.01017022
2019	0.004406193	0.003517729	0.004637263	0.001990714	0.003713516	0.071269579	0.015942861	0.002343318	0.001637229	0.010255573	0.004406193	0.003517729	0.004637263	0.001990714	0.003713516	0.071269579	0.015942861	0.002343318	0.001637229	0.010255573
2020	0.004459098	0.003560468	0.004677894	0.00200747	0.003793531	0.071820488	0.015882005	0.002370418	0.001652057	0.010340926	0.004459098	0.003560468	0.004677894	0.00200747	0.003793531	0.071820488	0.015882005	0.002370418	0.001652057	0.010340926
2021	0.004512003	0.003602921	0.004718525	0.002023973	0.003874799	0.072383648	0.015824671	0.002397519	0.001668591	0.01042628	0.004512003	0.003602921	0.004718525	0.002023973	0.003874799	0.072383648	0.015824671	0.002397519	0.001668591	0.01042628
2022	0.004564909	0.003645327	0.004759156	0.002040229	0.003957317	0.072956433	0.015770655	0.002424619	0.001684014	0.010511633	0.004564909	0.003645327	0.004759156	0.002040229	0.003957317	0.072956433	0.015770655	0.002424619	0.001684014	0.010511633
2023	0.004617814	0.003687603	0.004799787	0.00205624	0.004041087	0.073536778	0.015719765	0.00245172	0.00170015	0.010596986	0.004617814	0.003687603	0.004799787	0.00205624	0.004041087	0.073536778	0.015719765	0.00245172	0.00170015	0.010596986
2024	0.00467072	0.003729828	0.004840418	0.00207201	0.00412611	0.074123062	0.015671821	0.002478821	0.001715835	0.01068234	0.00467072	0.003729828	0.004840418	0.00207201	0.00412611	0.074123062	0.015671821	0.002478821	0.001715835	0.01068234
2025	0.004723625	0.003771988	0.004881049	0.002087542	0.004212384	0.074714011	0.015626651	0.002505921	0.0017318	0.010767693	0.004723625	0.003771988	0.004881049	0.002087542	0.004212384	0.074714011	0.015626651	0.002505921	0.0017318	0.010767693
2026	0.00477653	0.00381411	0.004921679	0.002102842	0.00429991	0.075308625	0.015584095	0.002533022	0.001747594	0.010853046	0.00477653	0.00381411	0.004921679	0.002102842	0.00429991	0.075308625	0.015584095	0.002533022	0.001747594	0.010853046
2027	0.004829436	0.003856197	0.00496231	0.002117911	0.004388688	0.075906118	0.015544002	0.002560122	0.001763491	0.010938399	0.004829436	0.003856197	0.00496231	0.002117911	0.004388688	0.075906118	0.015544002	0.002560122	0.001763491	0.010938399
2028	0.004882341	0.003898259	0.005002941	0.002132753	0.004478718	0.076505873	0.01550623	0.002587223	0.001779328	0.011023753	0.004882341	0.003898259	0.005002941	0.002132753	0.004478718	0.076505873	0.01550623	0.002587223	0.001779328	0.011023753
2029	0.004935246	0.003940302	0.005043572	0.002147372	0.004570001	0.077107404	0.015470643	0.002614324	0.001795199	0.011109106	0.004935246	0.003940302	0.005043572	0.002147372	0.004570001	0.077107404	0.015470643	0.002614324	0.001795199	0.011109106
2030	0.004988152	0.003982329	0.005084203	0.002161771	0.004662535	0.077710331	0.015437117	0.002641424	0.001811051	0.011194459	0.004988152	0.003982329	0.005084203	0.002161771	0.004662535	0.077710331	0.015437117	0.002641424	0.001811051	0.011194459
2031	0.005041057	0.004024344	0.005124834	0.002175954	0.004756321	0.078314354	0.01540553	0.002668525	0.001826913	0.011279813	0.005041057	0.004024344	0.005124834	0.002175954	0.004756321	0.078314354	0.01540553	0.002668525	0.001826913	0.011279813
2032	0.005093963	0.00406635	0.005165465	0.002189923	0.004851359	0.078919238	0.015375771	0.002695625	0.00184277	0.011365166	0.005093963	0.00406635	0.005165465	0.002189923	0.004851359	0.078919238	0.015375771	0.002695625	0.00184277	0.011365166
2033	0.005146868	0.004108349	0.005206096	0.002203682	0.004947649	0.079524798	0.015347735	0.002722726	0.001858629	0.011450519	0.005146868	0.004108349	0.005206096	0.002203682	0.004947649	0.079524798	0.015347735	0.002722726	0.001858629	0.011450519
2034	0.005199773	0.004150342	0.005246727	0.002217234	0.005045191	0.08013089	0.015321321	0.002749827	0.001874488	0.011535872	0.005199773	0.004150342	0.005246727	0.002217234	0.005045191	0.08013089	0.015321321	0.002749827	0.001874488	0.011535872
2035	0.005252679	0.004192331	0.005287358	0.002230583	0.005143985	0.0807374	0.015296436	0.002776927	0.001890347	0.011621226	0.005252679	0.004192331	0.005287358	0.002230583	0.005143985	0.0807374	0.015296436	0.002776927	0.001890347	0.011621226
2036	0.005305584	0.004234317	0.005327989	0.00224373	0.005244031	0.081344237	0.015272991	0.002804028	0.001906205	0.011706579	0.005305584	0.004234317	0.005327989	0.00224373	0.005244031	0.081344237	0.015272991	0.002804028	0.001906205	0.011706579
2037	0.005358489	0.0042763	0.00536862	0.00225668	0.00534533	0.081951332	0.015250903	0.002831128	0.001922064	0.011791932	0.005358489	0.0042763	0.00536862	0.00225668	0.00534533	0.081951332	0.015250903	0.002831128	0.001922064	0.011791932
2038	0.005411395	0.004318282	0.005409251	0.002269435	0.00544788	0.082558629	0.015230094	0.002858229	0.001937923	0.011877285	0.005411395	0.004318282	0.005409251	0.002269435	0.00544788	0.082558629	0.015230094	0.002858229	0.001937923	0.011877285
2039	0.0054643	0.004360261	0.005449882	0.002281998	0.005551682	0.083166085	0.015210488	0.00288533	0.001953781	0.011962639	0.0054643	0.004360261	0.005449882	0.002281998	0.005551682	0.083166085	0.015210488	0.00288533	0.001953781	0.011962639
2040	0.005517206	0.00440224	0.005490513	0.002294372	0.005656736	0.083773667	0.015192018	0.00291243	0.00196964	0.012047992	0.005517206	0.00440224	0.005490513	0.002294372	0.005656736	0.083773667	0.015192018	0.00291243	0.00196964	0.012047992
2041	0.005570111	0.004444218	0.005531144	0.00230656	0.005763042	0.084381346	0.015174616	0.002939531	0.001985499	0.012133345	0.005570111	0.004444218	0.005531144	0.00230656	0.005763042	0.084381346	0.015174616	0.002939531	0.001985499	0.012133345
2042	0.005623016	0.004486194	0.005571775	0.002318565	0.0058706	0.084989102	0.015158221	0.002966631	0.002001357	0.012218699	0.005623016	0.004486194	0.005571775	0.002318565	0.0058706	0.084989102	0.015158221	0.002966631	0.002001357	0.012218699
2043	0.005675922	0.004528171	0.005612406	0.002330389	0.00597941	0.085596919	0.015142775	0.002993732	0.002017216	0.012304052	0.005675922	0.004528171	0.005612406	0.002330389	0.00597941	0.085596919	0.015142775	0.002993732	0.002017216	0.012304052
2044	0.005728827	0.004570147	0.005653037	0.002342035	0.006089472	0.086204783	0.015128223	0.003020833	0.002033075	0.012389405	0.005728827	0.004570147	0.005653037	0.002342035	0.006089472	0.086204783	0.015128223	0.003020833	0.002033075	0.012389405
2045	0.005781733	0.004612122	0.005693668	0.002353506	0.006200786	0.086812685	0.015114514	0.003047933	0.002048933	0.012474758	0.005781733	0.004612122	0.005693668	0.002353506	0.006200786	0.086812685	0.015114514	0.003047933	0.002048933	0.012474758
2046	0.005834638	0.004654098	0.005734298	0.002364804	0.006313352	0.087420616	0.015101597	0.003075034	0.002064792	0.012560112	0.005834638	0.004654098	0.005734298	0.002364804	0.006313352	0.087420616	0.015101597	0.003075034	0.002064792	0.012560112
2047	0.005887543	0.004696073	0.005774929	0.002375933	0.00642717	0.08802857	0.015089428	0.003102134	0.002080651	0.012645465	0.005887543	0.004696073	0.005774929	0.002375933	0.00642717	0.08802857	0.015089428	0.003102134	0.002080651	0.012645465
2048	0.005940449	0.004738048	0.00581556	0.002386894	0.00654224	0.088636542	0.015077964	0.003129235	0.002096509	0.012730818	0.005940449	0.004738048	0.00581556	0.002386894	0.00654224	0.088636542	0.015077964	0.003129235	0.002096509	0.012730818
2049	0.005993354	0.004780023	0.005856191	0.00239769	0.006658562	0.089244529	0.015067163	0.003156336	0.002112368	0.012816172	0.005993354	0.004780023	0.005856191	0.00239769	0.006658562	0.089244529	0.015067163	0.003156336	0.002112368	0.012816172
2050	0.006046259	0.004821998	0.005896822	0.002408324	0.006776136	0.089852526	0.015056987	0.003183436	0.002128227	0.012901525	0.006046259	0.004821998	0.005896822	0.002408324	0.006776136	0.089852526	0.015056987	0.003183436	0.002128227	0.012901525
Year	maize	Wheat 	Rice	Ceral NEC	Oil	Sugar	forage yield	fiber_yield	other_yield	Potential_VFN_yield		maize pred	wheat pred	rice pred	NEC pred	oil pred	sugar  pred	forage pred	fiber pred	other pred	vfn pred
1961	3.92E-03	1.61E-03	3.82E-03	1.81E-03	1.58E-03	5.49E-02	5.86E-03	1.35E-03	2.07E-03	1.24E-02									0.001724083		
1962	4.06E-03	1.68E-03	4.18E-03	1.95E-03	1.54E-03	5.43E-02	6.24E-03	1.40E-03	2.22E-03	1.27E-02		0.004037397	0.001635158	0.003896469	0.001842477	0.001606994	0.055129797		0.001434846	0.002129437	0.012570121
1963	4.26E-03	1.69E-03	4.44E-03	1.98E-03	1.55E-03	5.84E-02	6.34E-03	1.56E-03	2.34E-03	1.25E-02		0.004163623	0.001689935	0.00420383	0.001928715	0.001600491	0.054743784		0.001410488	0.002255513	0.012817585
1964	3.95E-03	1.73E-03	4.59E-03	1.93E-03	1.47E-03	5.25E-02	6.20E-03	1.57E-03	2.45E-03	1.23E-02		0.004299443	0.001710243	0.004432664	0.001978286	0.001610654	0.057597256		0.001496589	0.002375443	0.012823712
1965	4.65E-03	1.79E-03	4.77E-03	2.33E-03	1.60E-03	5.33E-02	6.50E-03	1.59E-03	2.29E-03	1.32E-02		0.004414361	0.00174416	0.004576662	0.001998691	0.001602485	0.053991549		0.001582014	0.002488144	0.012733479
1966	4.59E-03	1.77E-03	4.84E-03	2.28E-03	1.65E-03	5.65E-02	6.80E-03	1.47E-03	2.34E-03	1.32E-02		0.004455084	0.001788214	0.004741274	0.00209743	0.001628982	0.054396912		0.00159469	0.002406053	0.013133229
1967	5.03E-03	1.74E-03	5.09E-03	2.35E-03	1.62E-03	5.88E-02	7.10E-03	1.40E-03	2.47E-03	1.38E-02		0.004635205	0.001796252	0.004824194	0.002160335	0.001659479	0.056331966		0.001559453	0.002418312	0.013336131
1968	4.99E-03	1.91E-03	4.96E-03	2.46E-03	1.76E-03	5.53E-02	7.32E-03	1.60E-03	2.40E-03	1.36E-02		0.004741479	0.001796622	0.005035352	0.002219906	0.001680833	0.057842241		0.001471717	0.002514668	0.013733834
1969	5.39E-03	2.06E-03	4.84E-03	2.48E-03	1.79E-03	5.37E-02	7.69E-03	1.31E-03	2.41E-03	1.42E-02		0.004925832	0.001880954	0.004975398	0.002282394	0.001717722	0.056008549		0.001511736	0.002492203	0.013838304
1970	4.54E-03	2.09E-03	5.18E-03	2.31E-03	1.74E-03	5.67E-02	7.28E-03	1.31E-03	2.61E-03	1.43E-02		0.005035125	0.001964193	0.004917417	0.002336827	0.001752747	0.055140058		0.001503967	0.002492926	0.01418584
1971	5.53E-03	2.28E-03	5.29E-03	2.60E-03	1.83E-03	5.75E-02	7.86E-03	1.32E-03	2.56E-03	1.50E-02		0.005312788	0.002002399	0.005179182	0.002366621	0.001778466	0.056842632		0.001355997	0.002635984	0.014411956
1972	6.09E-03	2.20E-03	5.27E-03	2.66E-03	1.85E-03	6.27E-02	8.07E-03	1.50E-03	2.64E-03	1.45E-02		0.005259713	0.002103716	0.005284435	0.002420314	0.001810145	0.05739959		0.001359784	0.002641149	0.014870514
1973	5.73E-03	2.12E-03	4.79E-03	2.58E-03	1.84E-03	5.77E-02	8.07E-03	1.52E-03	2.50E-03	1.52E-02		0.005351613	0.002102552	0.005299316	0.002472764	0.00184046	0.060418096		0.001433049	0.002699766	0.014858896
1974	4.51E-03	1.83E-03	4.98E-03	2.21E-03	1.59E-03	5.44E-02	7.78E-03	1.30E-03	2.62E-03	1.54E-02		0.005603376	0.002095201	0.004994856	0.00251349	0.001867419	0.057932718		0.001532465	0.002616519	0.015196329
1975	5.42E-03	2.06E-03	5.11E-03	2.42E-03	1.92E-03	5.68E-02	7.94E-03	1.33E-03	2.54E-03	1.60E-02		0.005933181	0.002001437	0.005141846	0.002524288	0.001874597	0.05623075		0.001459361	0.002678443	0.015466351
1976	5.52E-03	2.04E-03	5.23E-03	2.41E-03	1.75E-03	5.79E-02	7.62E-03	1.37E-03	2.60E-03	1.63E-02		0.005842141	0.00209603	0.005250238	0.002549812	0.001904618	0.057545174		0.001358469	0.002638997	0.015898227
1977	5.70E-03	2.06E-03	4.94E-03	2.65E-03	2.03E-03	5.88E-02	8.20E-03	1.52E-03	2.60E-03	1.69E-02		0.005942748	0.002103384	0.00535303	0.002573551	0.001921948	0.058216206		0.001388923	0.00267058	0.016265418
1978	6.34E-03	2.11E-03	5.03E-03	2.67E-03	1.97E-03	5.77E-02	8.47E-03	1.24E-03	2.79E-03	1.62E-02		0.006031863	0.002124468	0.005178843	0.002610524	0.001955298	0.058801467		0.001466134	0.002679605	0.016746803
1979	6.87E-03	2.30E-03	5.15E-03	2.94E-03	2.12E-03	5.87E-02	8.68E-03	1.62E-03	2.65E-03	1.68E-02		0.006052406	0.002156838	0.005256859	0.002646305	0.001983109	0.05833191		0.00143664	0.002817892	0.016648715
1980	5.71E-03	2.25E-03	4.95E-03	2.51E-03	1.74E-03	5.89E-02	8.12E-03	1.21E-03	2.72E-03	1.66E-02		0.006123404	0.002242094	0.005355922	0.002694239	0.002017307	0.058952301		0.001437671	0.002757412	0.016893041
1981	6.84E-03	2.32E-03	5.40E-03	3.03E-03	2.01E-03	6.21E-02	8.81E-03	1.64E-03	2.87E-03	1.58E-02		0.006499189	0.002243501	0.00524122	0.002717504	0.002030436	0.059165278		0.001476304	0.002790127	0.016919424
1982	7.11E-03	2.39E-03	5.28E-03	2.99E-03	2.07E-03	6.42E-02	8.96E-03	1.75E-03	3.04E-03	1.67E-02		0.006411586	0.00228654	0.005559036	0.002764861	0.002056457	0.060961646		0.001429938	0.002906614	0.016540465
1983	5.09E-03	2.65E-03	5.15E-03	2.57E-03	1.74E-03	6.04E-02	8.01E-03	1.51E-03	2.69E-03	1.75E-02		0.006527874	0.002330603	0.005500995	0.002807571	0.002084066	0.062232693		0.001690995	0.003061323	0.016788838
1984	6.70E-03	2.61E-03	5.55E-03	2.93E-03	1.88E-03	6.02E-02	8.43E-03	1.79E-03	3.19E-03	1.71E-02		0.007049328	0.002444493	0.005434356	0.002829718	0.0020961	0.060437431		0.001656238	0.002855541	0.017307785
1985	7.41E-03	2.52E-03	6.07E-03	3.25E-03	2.25E-03	6.07E-02	2.24E-02	1.86E-03	3.38E-03	1.71E-02		0.006825435	0.002455367	0.00571845	0.002866373	0.00211409	0.060449927	0.020752405	0.001639811	0.003153867	0.017375986
1986	7.49E-03	2.32E-03	6.33E-03	3.17E-03	2.22E-03	6.26E-02	2.17E-02	1.62E-03	3.34E-03	1.69E-02		0.006836921	0.002446046	0.006086147	0.002914195	0.00214652	0.060819871	0.021963183	0.001809185	0.003374821	0.017410735
1987	7.52E-03	2.53E-03	6.23E-03	3.12E-03	2.26E-03	6.19E-02	2.17E-02	2.08E-03	3.38E-03	1.78E-02		0.006987969	0.002394242	0.006286299	0.00295651	0.00217634	0.061922303	0.02144877	0.001754019	0.003409387	0.017330339
1988	5.31E-03	2.29E-03	6.18E-03	2.62E-03	1.81E-03	5.72E-02	1.73E-02	1.83E-03	3.46E-03	1.80E-02		0.007144455	0.002483599	0.006249971	0.002995042	0.002206433	0.061701082	0.02144877	0.001805754	0.003447834	0.017730829
1989	7.30E-03	2.20E-03	6.45E-03	2.76E-03	2.16E-03	5.70E-02	2.02E-02	1.79E-03	3.30E-03	1.83E-02		0.007704613	0.002416943	0.0062447	0.003014124	0.002219268	0.059393021	0.018215316	0.001945794	0.003515961	0.018032979
1990	7.44E-03	2.66E-03	6.20E-03	3.11E-03	2.26E-03	5.75E-02	2.18E-02	1.85E-03	3.50E-03	1.74E-02		0.007398243	0.002397886	0.00644918	0.003037838	0.002244219	0.059337193	0.020346456	0.001803087	0.003421147	0.018334074
1991	6.82E-03	2.30E-03	6.42E-03	2.99E-03	2.27E-03	5.74E-02	2.20E-02	1.93E-03	3.47E-03	1.80E-02		0.007512105	0.002571115	0.006312937	0.00307272	0.002271738	0.059640201	0.021522257	0.001805399	0.003536905	0.018046029
1992	8.25E-03	2.64E-03	6.43E-03	3.69E-03	2.50E-03	5.71E-02	2.26E-02	2.04E-03	3.49E-03	1.93E-02		0.007768223	0.002464136	0.006482756	0.003102528	0.002298676	0.059642159	0.021669232	0.001866307	0.003548555	0.018193572
1993	6.32E-03	2.57E-03	6.18E-03	3.13E-03	2.15E-03	5.45E-02	2.17E-02	1.79E-03	3.46E-03	1.96E-02		0.007613709	0.002595708	0.006515945	0.003153363	0.002331962	0.059540367	0.022110158	0.001948781	0.003566169	0.018906398
1994	8.70E-03	2.53E-03	6.69E-03	3.43E-03	2.71E-03	5.91E-02	2.32E-02	2.07E-03	3.82E-03	2.02E-02		0.008139348	0.002589559	0.006377933	0.003185131	0.002353441	0.058255347	0.02144877	0.001910238	0.003549774	0.019416732
1995	7.12E-03	2.41E-03	6.30E-03	3.00E-03	2.32E-03	5.61E-02	2.24E-02	1.56E-03	3.36E-03	1.94E-02		0.007778457	0.002592094	0.006735307	0.00322481	0.002390922	0.060624915	0.022551083	0.001888708	0.003802222	0.019971047
1996	7.98E-03	2.44E-03	6.86E-03	3.53E-03	2.50E-03	5.69E-02	2.17E-02	2.07E-03	3.42E-03	2.01E-02		0.008248159	0.002565585	0.00650717	0.003250863	0.00241589	0.059168013	0.021963183	0.001838449	0.0035458	0.019861068
1997	7.95E-03	2.66E-03	6.61E-03	3.49E-03	2.56E-03	5.90E-02	2.26E-02	1.91E-03	3.43E-03	2.06E-02		0.008195585	0.002588898	0.00689659	0.003291094	0.00244522	0.059614048	0.02144877	0.001771353	0.003515384	0.020148385
1998	8.44E-03	2.90E-03	6.35E-03	3.41E-03	2.56E-03	6.28E-02	2.30E-02	1.83E-03	3.56E-03	1.98E-02		0.008338523	0.002678482	0.006760714	0.003328946	0.002475316	0.060733678	0.022110158	0.001970986	0.003513835	0.020540024
1999	8.40E-03	2.87E-03	6.57E-03	3.54E-03	2.41E-03	6.11E-02	2.28E-02	1.74E-03	3.65E-03	1.98E-02		0.008377107	0.0027783	0.006615723	0.003363556	0.002504539	0.062744128	0.022404108	0.001859054	0.003606246	0.020347161
2000	8.59E-03	2.82E-03	7.04E-03	3.30E-03	2.50E-03	7.05E-02	2.29E-02	1.81E-03	4.37E-03	2.18E-02		0.008529528	0.002788045	0.006781351	0.003400556	0.002529108	0.061999219	0.022257133	0.001784153	0.003696935	0.020248898
2001	8.67E-03	2.70E-03	7.28E-03	3.27E-03	2.61E-03	6.57E-02	2.23E-02	2.00E-03	4.53E-03	2.08E-02		0.008632569	0.002789855	0.007111191	0.003430519	0.002555375	0.066872589	0.022330621	0.001764739	0.004237112	0.021179837
2002	8.12E-03	2.36E-03	7.37E-03	2.84E-03	2.49E-03	6.56E-02	2.10E-02	1.86E-03	4.32E-03	2.09E-02		0.008759067	0.00276627	0.007294274	0.00345908	0.002583701	0.064639407	0.021889695	0.001872405	0.004505746	0.021163647
2003	8.92E-03	2.97E-03	7.48E-03	2.99E-03	2.25E-03	6.82E-02	2.27E-02	2.06E-03	4.51E-03	2.09E-02		0.009007113	0.002664738	0.007380918	0.003476817	0.002608464	0.064731396	0.020934357	0.001916335	0.004432513	0.021204448
2004	1.01E-02	2.90E-03	7.83E-03	3.68E-03	2.79E-03	6.50E-02	2.33E-02	2.37E-03	4.90E-03	2.20E-02		0.008973145	0.002884599	0.007480604	0.003497972	0.002627121	0.066186231	0.022183646	0.001920638	0.004547296	0.021225236
2005	9.29E-03	2.82E-03	7.42E-03	3.53E-03	2.83E-03	6.17E-02	2.26E-02	2.31E-03	5.25E-03	1.94E-02		0.008883914	0.00287955	0.007736413	0.003534586	0.002657817	0.064729324	0.022624571	0.002140076	0.004858654	0.02177538
2006	9.36E-03	2.60E-03	7.73E-03	3.05E-03	2.81E-03	7.14E-02	2.22E-02	2.26E-03	4.90E-03	1.95E-02		0.00921328	0.002869652	0.007500503	0.00356696	0.002688637	0.063185229	0.022110158	0.002275529	0.005197612	0.020780371
2007	9.46E-03	2.70E-03	8.09E-03	3.71E-03	2.75E-03	6.93E-02	1.86E-02	2.39E-03	4.80E-03	2.00E-02		0.00934426	0.002810361	0.007728438	0.003588199	0.002718269	0.068172459	0.021816208	0.002225981	0.005044478	0.020322467
2008	9.66E-03	3.02E-03	7.67E-03	3.53E-03	2.64E-03	6.52E-02	1.89E-02	2.18E-03	4.88E-03	2.04E-02		0.009467944	0.002857244	0.007990337	0.003623267	0.002745938	0.067297142	0.019170655	0.002249697	0.004929296	0.020334417
2009	1.03E-02	2.99E-03	7.94E-03	3.79E-03	2.92E-03	6.63E-02	1.33E-02	2.03E-03	2.85E-03	2.03E-02		0.009571303	0.002980383	0.007748446	0.0036538	0.002770725	0.06538823	0.019391117	0.002236506	0.004953523	0.020536706
2010	0.00958936	0.002988025	0.007950243	0.003689056	0.002800765	0.066057336	0.015275813	0.002072554	0.00501296	0.020706826		0.00958936	0.002988025	0.007950243	0.003689056	0.002800765	0.066057336	0.015275813	0.002072554	0.00501296	0.020706826
2011	0.009887893	0.003004473	0.007985075	0.003721533	0.002827759	0.066058347	0.01672779	0.002012132	0.005072398	0.020876947		0.009887893	0.003004473	0.007985075	0.003721533	0.002827759	0.066058347	0.01672779	0.002012132	0.005072398	0.020876947
2012	0.009965666	0.003026834	0.008035368	0.003754009	0.002854753	0.066177357	0.017794813	0.002010964	0.005131835	0.021047067		0.009965666	0.003026834	0.008035368	0.003754009	0.002854753	0.066177357	0.017794813	0.002010964	0.005131835	0.021047067
2013	0.010091731	0.003051094	0.00809538	0.003786486	0.002881747	0.066353506	0.018578942	0.001979693	0.005191272	0.021217188		0.010091731	0.003051094	0.00809538	0.003786486	0.002881747	0.066353506	0.018578942	0.001979693	0.005191272	0.021217188
2014	0.010207232	0.003075964	0.008161503	0.003818962	0.002908741	0.066557324	0.019155179	0.001967255	0.005250709	0.021387308		0.010207232	0.003075964	0.008161503	0.003818962	0.002908741	0.066557324	0.019155179	0.001967255	0.005250709	0.021387308
2015	0.010325044	0.003101029	0.008231467	0.003851439	0.002935735	0.066774541	0.019578643	0.001946589	0.005310146	0.021557429		0.010325044	0.003101029	0.008231467	0.003851439	0.002935735	0.066774541	0.019578643	0.001946589	0.005310146	0.021557429
2016	0.01044235	0.003126157	0.008303847	0.003883915	0.002962729	0.066998246	0.019889835	0.001932417	0.005369583	0.021727549		0.01044235	0.003126157	0.008303847	0.003883915	0.002962729	0.066998246	0.019889835	0.001932417	0.005369583	0.021727549
2017	0.010559767	0.003151305	0.008377745	0.003916392	0.002989722	0.067225092	0.020118523	0.001916506	0.005429021	0.02189767		0.010559767	0.003151305	0.008377745	0.003916392	0.002989722	0.067225092	0.020118523	0.001916506	0.005429021	0.02189767
2018	0.01067716	0.00317646	0.008452597	0.003948868	0.003016716	0.06745346	0.020286581	0.00190325	0.005488458	0.02206779		0.01067716	0.00317646	0.008452597	0.003948868	0.003016716	0.06745346	0.020286581	0.00190325	0.005488458	0.02206779
2019	0.010794558	0.003201617	0.00852805	0.003981345	0.00304371	0.067682565	0.020410082	0.001890111	0.005547895	0.022237911		0.010794558	0.003201617	0.00852805	0.003981345	0.00304371	0.067682565	0.020410082	0.001890111	0.005547895	0.022237911
2020	0.010911955	0.003226775	0.00860388	0.004013821	0.003070704	0.067912026	0.02050084	0.001878372	0.005607332	0.022408031		0.010911955	0.003226775	0.00860388	0.004013821	0.003070704	0.067912026	0.02050084	0.001878372	0.005607332	0.022408031
2021	0.011029352	0.003251932	0.008679947	0.004046298	0.003097698	0.068141661	0.020567536	0.001867223	0.005666769	0.022578151		0.011029352	0.003251932	0.008679947	0.004046298	0.003097698	0.068141661	0.020567536	0.001867223	0.005666769	0.022578151
2022	0.011146749	0.00327709	0.008756164	0.004078775	0.003124692	0.068371379	0.020616549	0.001857011	0.005726206	0.022748272		0.011146749	0.00327709	0.008756164	0.004078775	0.003124692	0.068371379	0.020616549	0.001857011	0.005726206	0.022748272
2023	0.011264146	0.003302248	0.008832474	0.004111251	0.003151686	0.068601137	0.020652568	0.001847456	0.005785644	0.022918392		0.011264146	0.003302248	0.008832474	0.004111251	0.003151686	0.068601137	0.020652568	0.001847456	0.005785644	0.022918392
2024	0.011381543	0.003327406	0.008908843	0.004143728	0.00317868	0.068830915	0.020679037	0.001838627	0.005845081	0.023088513		0.011381543	0.003327406	0.008908843	0.004143728	0.00317868	0.068830915	0.020679037	0.001838627	0.005845081	0.023088513
2025	0.01149894	0.003352564	0.008985249	0.004176204	0.003205674	0.069060703	0.020698489	0.001830408	0.005904518	0.023258633		0.01149894	0.003352564	0.008985249	0.004176204	0.003205674	0.069060703	0.020698489	0.001830408	0.005904518	0.023258633
2026	0.011616337	0.003377721	0.009061679	0.004208681	0.003232667	0.069290495	0.020712783	0.001822791	0.005963955	0.023428754		0.011616337	0.003377721	0.009061679	0.004208681	0.003232667	0.069290495	0.020712783	0.001822791	0.005963955	0.023428754
2027	0.011733734	0.003402879	0.009138123	0.004241157	0.003259661	0.069520289	0.020723288	0.001815713	0.006023392	0.023598874		0.011733734	0.003402879	0.009138123	0.004241157	0.003259661	0.069520289	0.020723288	0.001815713	0.006023392	0.023598874
2028	0.011851131	0.003428037	0.009214576	0.004273634	0.003286655	0.069750085	0.020731008	0.001809146	0.006082829	0.023768995		0.011851131	0.003428037	0.009214576	0.004273634	0.003286655	0.069750085	0.020731008	0.001809146	0.006082829	0.023768995
2029	0.011968528	0.003453195	0.009291035	0.00430611	0.003313649	0.069979881	0.020736681	0.001803047	0.006142266	0.023939115		0.011968528	0.003453195	0.009291035	0.00430611	0.003313649	0.069979881	0.020736681	0.001803047	0.006142266	0.023939115
2030	0.012085926	0.003478353	0.009367498	0.004338587	0.003340643	0.070209677	0.02074085	0.001797387	0.006201704	0.024109236		0.012085926	0.003478353	0.009367498	0.004338587	0.003340643	0.070209677	0.02074085	0.001797387	0.006201704	0.024109236
2031	0.012203323	0.003503511	0.009443963	0.004371063	0.003367637	0.070439473	0.020743913	0.001792132	0.006261141	0.024279356		0.012203323	0.003503511	0.009443963	0.004371063	0.003367637	0.070439473	0.020743913	0.001792132	0.006261141	0.024279356
2032	0.01232072	0.003528668	0.00952043	0.00440354	0.003394631	0.07066927	0.020746165	0.001787255	0.006320578	0.024449477		0.01232072	0.003528668	0.00952043	0.00440354	0.003394631	0.07066927	0.020746165	0.001787255	0.006320578	0.024449477
2033	0.012438117	0.003553826	0.009596897	0.004436016	0.003421625	0.070899066	0.020747819	0.001782726	0.006380015	0.024619597		0.012438117	0.003553826	0.009596897	0.004436016	0.003421625	0.070899066	0.020747819	0.001782726	0.006380015	0.024619597
2034	0.012555514	0.003578984	0.009673365	0.004468493	0.003448618	0.071128862	0.020749035	0.001778523	0.006439452	0.024789718		0.012555514	0.003578984	0.009673365	0.004468493	0.003448618	0.071128862	0.020749035	0.001778523	0.006439452	0.024789718
2035	0.012672911	0.003604142	0.009749833	0.004500969	0.003475612	0.071358659	0.020749928	0.00177462	0.006498889	0.024959838		0.012672911	0.003604142	0.009749833	0.004500969	0.003475612	0.071358659	0.020749928	0.00177462	0.006498889	0.024959838
2036	0.012790308	0.0036293	0.009826302	0.004533446	0.003502606	0.071588455	0.020750585	0.001770998	0.006558327	0.025129959		0.012790308	0.0036293	0.009826302	0.004533446	0.003502606	0.071588455	0.020750585	0.001770998	0.006558327	0.025129959
2037	0.012907705	0.003654458	0.00990277	0.004565922	0.0035296	0.071818252	0.020751068	0.001767635	0.006617764	0.025300079		0.012907705	0.003654458	0.00990277	0.004565922	0.0035296	0.071818252	0.020751068	0.001767635	0.006617764	0.025300079
2038	0.013025102	0.003679615	0.009979239	0.004598399	0.003556594	0.072048048	0.020751422	0.001764513	0.006677201	0.025470199		0.013025102	0.003679615	0.009979239	0.004598399	0.003556594	0.072048048	0.020751422	0.001764513	0.006677201	0.025470199
2039	0.013142499	0.003704773	0.010055708	0.004630876	0.003583588	0.072277845	0.020751683	0.001761615	0.006736638	0.02564032		0.013142499	0.003704773	0.010055708	0.004630876	0.003583588	0.072277845	0.020751683	0.001761615	0.006736638	0.02564032
2040	0.013259896	0.003729931	0.010132177	0.004663352	0.003610582	0.072507641	0.020751874	0.001758924	0.006796075	0.02581044		0.013259896	0.003729931	0.010132177	0.004663352	0.003610582	0.072507641	0.020751874	0.001758924	0.006796075	0.02581044
2041	0.013377293	0.003755089	0.010208646	0.004695829	0.003637576	0.072737438	0.020752015	0.001756427	0.006855512	0.025980561		0.013377293	0.003755089	0.010208646	0.004695829	0.003637576	0.072737438	0.020752015	0.001756427	0.006855512	0.025980561
2042	0.01349469	0.003780247	0.010285115	0.004728305	0.003664569	0.072967234	0.020752118	0.001754108	0.00691495	0.026150681		0.01349469	0.003780247	0.010285115	0.004728305	0.003664569	0.072967234	0.020752118	0.001754108	0.00691495	0.026150681
2043	0.013612087	0.003805405	0.010361584	0.004760782	0.003691563	0.073197031	0.020752194	0.001751956	0.006974387	0.026320802		0.013612087	0.003805405	0.010361584	0.004760782	0.003691563	0.073197031	0.020752194	0.001751956	0.006974387	0.026320802
2044	0.013729484	0.003830562	0.010438052	0.004793258	0.003718557	0.073426827	0.02075225	0.001749958	0.007033824	0.026490922		0.013729484	0.003830562	0.010438052	0.004793258	0.003718557	0.073426827	0.02075225	0.001749958	0.007033824	0.026490922
2045	0.013846882	0.00385572	0.010514521	0.004825735	0.003745551	0.073656623	0.020752291	0.001748103	0.007093261	0.026661043		0.013846882	0.00385572	0.010514521	0.004825735	0.003745551	0.073656623	0.020752291	0.001748103	0.007093261	0.026661043
2046	0.013964279	0.003880878	0.01059099	0.004858211	0.003772545	0.07388642	0.020752321	0.001746381	0.007152698	0.026831163		0.013964279	0.003880878	0.01059099	0.004858211	0.003772545	0.07388642	0.020752321	0.001746381	0.007152698	0.026831163
2047	0.014081676	0.003906036	0.010667459	0.004890688	0.003799539	0.074116216	0.020752344	0.001744783	0.007212135	0.027001284		0.014081676	0.003906036	0.010667459	0.004890688	0.003799539	0.074116216	0.020752344	0.001744783	0.007212135	0.027001284
2048	0.014199073	0.003931194	0.010743928	0.004923164	0.003826533	0.074346013	0.02075236	0.001743299	0.007271573	0.027171404		0.014199073	0.003931194	0.010743928	0.004923164	0.003826533	0.074346013	0.02075236	0.001743299	0.007271573	0.027171404
2049	0.01431647	0.003956352	0.010820397	0.004955641	0.003853527	0.074575809	0.020752372	0.001741922	0.00733101	0.027341525		0.01431647	0.003956352	0.010820397	0.004955641	0.003853527	0.074575809	0.020752372	0.001741922	0.00733101	0.027341525
2050	0.014433867	0.003981509	0.010896866	0.004988117	0.00388052	0.074805606	0.020752381	0.001740643	0.007390447	0.027511645		0.014433867	0.003981509	0.010896866	0.004988117	0.00388052	0.074805606	0.020752381	0.001740643	0.007390447	0.027511645
