2617	515	518	519
2615	486
2513	44	45	46	49	50	47	48
2546	176
2656	51
2658	634
2657	26	39	66	82	86	517
2532	125	126	127	128	129
2520	68	89	90	92	94	95	97	98	101	103	104	108	111	113	91	96	99	105	112
2614	512	513	514
2642	698
2633	661	662	665	666
2578	252
2560	249	250	251
2630	656	657	659
2575	331
2619	577
2625	521	523	526	527	530	531	534	536	537	538	539	541	542	544	547	549	550	552	554	558	567	568	569	570	571	572	583	587	591	592	600	603	604	619	620	622	623	624	625	626
2613	507	509	510
2620	560	561	562	563
2572	244
2820
2556	242	243	246	247
2612	497	498	499
2514	56	58	64	846	57	59	63
2582	60
2517	79	80	81
2544
2551	216	217	220	221	222	223	224	225	226	229	230	231	232	233	234	235
2516	75	76	77
2586	264	266	276	278	281	297	306	307	313	334	337	340	664	1241	1242	1273	1274	1275
2570	263	265	275	277	280	296	299	305	310	311	312	333	336	339	343
2580	261	274
2563	260	262
2602	403
2611	490	491	492	495	496
2577	257	1276	1277
2576	258
2547	187
2640	687
2641	689
2618	574	575	576	580
2616	489
2531	116	117	118	119	121
2549	181	191	195	197	201	203	205	210	211	212	213
2574	271	293
2805	27	28	29	31	32	34	38	33	35
2804
2581	36
2815
2534	135	136	149	150	151
2515	71	72	73
2561	289
2579	290
2518	83	84	85
2571	237
2555	236	239	240	241
2645	692	693	702	711	720	723
2542	158	159	162	164	168	171
2537	157
2536	156
2541	163
2827
2818
2557	267
2573	268
2533	122
2543	154	155	160	161	166	167	172	173	175	633	165
2635	667	671	672
2601	388	389	390	391	392
2605	358	366	367	372	373	378	393	394	397	399	401	402	406	407	414	417	420	423	426	430	446	447	448	449	450	451	459	461	463	464	465	466	469	471	472	473	474	475	476	567	568	658
2511	15	16	18	20	21	22	23	41	110	17	19	24	114	115
2655	564	565
2535	137
2769	1587	1588	1589	1590
2775	1594	1595	1596
2731	867	870	872	873	874	875	876	877	947
2740	886	887	952	953	983	1022
2766	1570	1571	1572	1573	1574	1575
2741
2743	885
2765	1553	1554	1555	1556	1557	1558
2762	1514	1515	1516	1517	1518	1519	1520	1521
2744	1062	1063	1064	1091	916
2737	869	871	949	979	994	1019	1037	1040	1043	1065	1066	1129	1160	1168	1221	1222	1225	1243
2855
2781	1509	1522	1535	1548	1582
2782	1510	1523	1536	1549
2761	1501	1502	1503	1504	1505	1506	1507	1508
2748
2745	1182
2764	1540	1541	1542	1543	1544	1545	1546	1547
2749
2768	1580	1583
2735	1089	1097	1108	1111	1127	1141	1151	1158	1163	1164	1166	1172	1176
2848	882	888	889	890	891	892	893	894	895	896	897	898	899	900	901	904	905	907	908	917	951	954	955	982	984	985	1020	1021	1023	1130	903	909	910
2738
2767	1562	1563	1564	1565	1566
2732	977	1017
2736	868	878	948	978	1018	1036	1059	1074	1075	1081	1098	1128	1159	1167
2763	1527	1528	1529	1530	1531	1532	1533	1534
2733	1035	1038	1039	1041	1042
2734	1058	1060	1061	1069	1073	1080
2742